NE <- c(-78.86238, 0.04550)
SE <- c(-79.52285, -1.11994)
SW <- c(-80.96772, -1.10722)
NW <- c(-80.06668, 0.50266)